1.811645424830326256e-01
8.282194040312439443e-01
9.883339509983218862e-01
8.881734182535202526e-01
9.969602438295624980e-01
7.228251828701065529e-01
3.411247511266124466e-01
4.006338815832625189e-01
3.701201760617299774e-01
1.338527355178680267e-01
4.326088695815314411e-01
5.728904395829821361e-01
7.946637387576738210e-01
9.357699014782725477e-01
9.542189106778983243e-01
9.883339509983218862e-01
7.228251828701065529e-01
5.362766985932181374e-01
7.593695685682870788e-01
7.946637387576738210e-01
4.659595288557257242e-01
1.995736553577952821e-01
1.811645424830326256e-01
3.701201760617299774e-01
