4.279201392421263378e-02
8.595454206943324849e-01
8.595454206943324849e-01
9.883339509983218862e-01
5.362766985932181374e-01
6.917625399020765897e-02
2.243865945114242519e-02
3.776014017220748892e-02
4.279201392421263378e-02
6.917625399020765897e-02
6.153429181321558999e-02
1.483645207896248375e-01
4.659595288557257242e-01
7.946637387576738210e-01
7.228251828701065529e-01
7.946637387576738210e-01
6.854967337920594428e-01
4.659595288557257242e-01
7.228251828701065529e-01
5.005673707894058300e-01
2.406820248660021533e-01
1.995736553577952821e-01
6.101664688189142316e-01
1.205152606606559595e-01
