3.411247511266124466e-01
1.641144775642913722e-01
6.478148720771610414e-01
9.542189106778983243e-01
7.593695685682870788e-01
5.362766985932181374e-01
1.995736553577952821e-01
4.006338815832625189e-01
5.362766985932181374e-01
5.728904395829821361e-01
5.362766985932181374e-01
4.659595288557257242e-01
7.228251828701065529e-01
8.595454206943324849e-01
6.854967337920594428e-01
9.357699014782725477e-01
9.357699014782725477e-01
9.690010280430694234e-01
9.987234512860412305e-01
9.998734489003386905e-01
9.542189106778983243e-01
9.883339509983218862e-01
9.937026761524455631e-01
5.362766985932181374e-01
