6.153429181321558999e-02
2.243865945114242519e-02
6.854967337920594428e-01
1.220754462291795883e-03
1.141298581094923141e-07
1.338527355178680267e-01
1.709014846876853386e-02
6.101664688189142316e-01
6.101664688189142316e-01
6.478148720771610414e-01
6.854967337920594428e-01
7.946637387576738210e-01
1.483645207896248375e-01
1.749223582029969627e-06
8.513708327314542231e-07
8.974277567313009246e-05
7.335921717149847666e-05
7.213629171338913158e-04
2.817920824269413375e-03
1.960232095219541920e-02
1.338527355178680267e-01
9.357699014782725477e-01
2.922532342627590443e-02
4.279201392421263378e-02
