2.243865945114242519e-02
7.761108123267829173e-02
9.357699014782725477e-01
2.877976434847331344e-01
5.005673707894058300e-01
3.477517027150968713e-04
1.095638770704073710e-04
4.839715079181246271e-02
4.326088695815314411e-01
2.634717271986470322e-01
4.326088695815314411e-01
6.478148720771610414e-01
2.193964992967708250e-01
2.097782785540434479e-05
1.084530344877227463e-06
1.856367796861369451e-09
4.068767065404825287e-07
8.797089063129893505e-08
1.091591761359742441e-05
5.028776494501316840e-04
6.185603570160094940e-03
4.279201392421263378e-02
6.478148720771610414e-01
1.338527355178680267e-01
