9.987234512860412305e-01
9.969602438295624980e-01
9.995502785541051649e-01
9.995502785541051649e-01
9.999996781819999736e-01
9.999962022688546615e-01
9.998734489003386905e-01
9.802627322900354656e-01
9.998734489003386905e-01
9.999734060177972728e-01
9.995502785541051649e-01
9.999996781819999736e-01
9.937026761524455631e-01
9.690010280430694234e-01
9.357699014782725477e-01
9.998734489003386905e-01
9.999999999999997780e-01
9.999734060177972728e-01
9.999999867571524037e-01
9.969602438295624980e-01
9.690010280430694234e-01
7.593695685682870788e-01
8.881734182535202526e-01
9.802627322900354656e-01
