3.958740000218179404e-05
8.974277567313009246e-05
1.338527355178680267e-01
2.321597219050033886e-08
1.258148896235979457e-10
4.543821879051604916e-03
1.749223582029969627e-06
4.186041972095860017e-04
1.487002941885898731e-02
2.028762750718971289e-03
4.839715079181246271e-02
1.205152606606559595e-01
1.483645207896248375e-01
1.690722046468961124e-05
1.084530344877227463e-06
8.513708327314542231e-07
4.839715079181246271e-02
2.877976434847331344e-01
3.776014017220748892e-02
4.279201392421263378e-02
1.026466953659156169e-03
8.797089063129893505e-08
7.246822006432892935e-17
1.923532900455124266e-12
