9.710257857878778561e-29
8.329499266785475866e-31
1.197968186677780252e-20
1.753886116071003115e-13
9.907298369738481372e-18
6.059523534333058878e-37
2.003917427580001279e-54
1.047670755116838976e-32
1.942374946587825124e-18
7.246822006432892935e-17
3.042740004182204022e-08
1.084530344877227463e-06
1.856367796861369451e-09
6.669830320596685953e-07
8.744524460937629990e-06
1.378744592806463885e-06
3.301172138175877848e-09
4.388752714548140146e-09
3.042740004182204022e-08
2.461977466455731989e-07
1.387817322369722451e-09
6.766991587022994291e-08
8.974277567313009246e-05
4.225228389336971287e-26
