1.338527355178680267e-01
8.353146175741297044e-03
2.406820248660021533e-01
5.728904395829821361e-01
9.136894237272155106e-01
2.406820248660021533e-01
6.153429181321558999e-02
2.193964992967708250e-01
2.877976434847331344e-01
2.634717271986470322e-01
3.136800387320581862e-01
3.411247511266124466e-01
2.193964992967708250e-01
3.411247511266124466e-01
4.659595288557257242e-01
5.005673707894058300e-01
6.854967337920594428e-01
3.701201760617299774e-01
7.228251828701065529e-01
9.690010280430694234e-01
8.595454206943324849e-01
9.690010280430694234e-01
9.136894237272155106e-01
5.462666510701526257e-02
