7.593695685682870788e-01
9.357699014782725477e-01
9.995502785541051649e-01
9.987234512860412305e-01
9.995502785541051649e-01
6.101664688189142316e-01
3.411247511266124466e-01
6.101664688189142316e-01
5.728904395829821361e-01
1.641144775642913722e-01
5.362766985932181374e-01
7.228251828701065529e-01
9.802627322900354656e-01
9.937026761524455631e-01
9.969602438295624980e-01
9.969602438295624980e-01
9.937026761524455631e-01
9.969602438295624980e-01
9.883339509983218862e-01
6.854967337920594428e-01
7.593695685682870788e-01
7.946637387576738210e-01
9.136894237272155106e-01
5.728904395829821361e-01
