1.995736553577952821e-01
9.690010280430694234e-01
9.998734489003386905e-01
9.987234512860412305e-01
9.136894237272155106e-01
9.136894237272155106e-01
7.593695685682870788e-01
6.478148720771610414e-01
4.006338815832625189e-01
6.854967337920594428e-01
6.854967337920594428e-01
7.946637387576738210e-01
8.881734182535202526e-01
7.228251828701065529e-01
6.478148720771610414e-01
4.006338815832625189e-01
3.701201760617299774e-01
2.193964992967708250e-01
3.136800387320581862e-01
2.877976434847331344e-01
2.877976434847331344e-01
3.411247511266124466e-01
6.478148720771610414e-01
7.946637387576738210e-01
