6.917625399020765897e-02
3.411247511266124466e-01
3.701201760617299774e-01
5.728904395829821361e-01
2.193964992967708250e-01
5.005673707894058300e-01
9.710349657052788630e-02
1.483645207896248375e-01
4.839715079181246271e-02
3.325312481656022418e-02
1.118990326412112012e-02
6.917625399020765897e-02
5.462666510701526257e-02
1.448895459962035647e-03
1.960232095219541920e-02
1.716213508404463347e-03
4.279201392421263378e-02
3.776014017220748892e-02
9.710349657052788630e-02
4.279201392421263378e-02
2.406820248660021533e-01
8.881734182535202526e-01
1.811645424830326256e-01
3.477517027150968713e-04
