2.634717271986470322e-01
1.641144775642913722e-01
5.728904395829821361e-01
6.478148720771610414e-01
8.282194040312439443e-01
7.593695685682870788e-01
3.136800387320581862e-01
2.406820248660021533e-01
6.854967337920594428e-01
5.005673707894058300e-01
4.326088695815314411e-01
5.728904395829821361e-01
5.005673707894058300e-01
2.877976434847331344e-01
1.995736553577952821e-01
2.193964992967708250e-01
2.193964992967708250e-01
2.877976434847331344e-01
2.877976434847331344e-01
3.411247511266124466e-01
5.005673707894058300e-01
9.357699014782725477e-01
9.357699014782725477e-01
1.483645207896248375e-01
