6.917625399020765897e-02
4.839715079181246271e-02
5.362766985932181374e-01
9.357699014782725477e-01
8.881734182535202526e-01
9.969602438295624980e-01
9.883339509983218862e-01
9.937026761524455631e-01
9.802627322900354656e-01
8.595454206943324849e-01
9.987234512860412305e-01
8.595454206943324849e-01
7.228251828701065529e-01
3.701201760617299774e-01
3.411247511266124466e-01
6.101664688189142316e-01
9.802627322900354656e-01
8.595454206943324849e-01
4.006338815832625189e-01
2.193964992967708250e-01
4.279201392421263378e-02
3.776014017220748892e-02
1.716213508404463347e-03
1.709014846876853386e-02
