8.689937254547132339e-02
3.411247511266124466e-01
8.595454206943324849e-01
6.101664688189142316e-01
2.877976434847331344e-01
3.701201760617299774e-01
6.153429181321558999e-02
2.877976434847331344e-01
3.136800387320581862e-01
2.877976434847331344e-01
6.478148720771610414e-01
4.006338815832625189e-01
6.101664688189142316e-01
7.228251828701065529e-01
4.659595288557257242e-01
9.883339509983218862e-01
9.357699014782725477e-01
2.634717271986470322e-01
1.483645207896248375e-01
2.406820248660021533e-01
8.689937254547132339e-02
1.960232095219541920e-02
1.487002941885898731e-02
4.279201392421263378e-02
