4.659595288557257242e-01
8.595454206943324849e-01
3.701201760617299774e-01
2.634717271986470322e-01
2.634717271986470322e-01
9.883339509983218862e-01
9.883339509983218862e-01
9.883339509983218862e-01
8.282194040312439443e-01
9.357699014782725477e-01
9.883339509983218862e-01
7.593695685682870788e-01
4.326088695815314411e-01
3.325312481656022418e-02
5.462666510701526257e-02
9.677754744468860040e-03
6.153429181321558999e-02
7.761108123267829173e-02
8.689937254547132339e-02
2.406820248660021533e-01
6.854967337920594428e-01
9.883339509983218862e-01
4.326088695815314411e-01
2.922532342627590443e-02
