3.168213288261890551e-07
5.194801845515001966e-08
7.213629171338913158e-04
7.761108123267829173e-02
1.118990326412112012e-02
7.224279835989447333e-12
3.429745901870859483e-16
2.461977466455731989e-07
2.385466427031534631e-04
4.872295384883886790e-05
2.028762750718971289e-03
7.195361443046065057e-03
3.776014017220748892e-02
8.689937254547132339e-02
4.839715079181246271e-02
6.917625399020765897e-02
1.641144775642913722e-01
5.005673707894058300e-01
1.205152606606559595e-01
3.325312481656022418e-02
4.326088695815314411e-01
1.291235223075910127e-02
8.353146175741297044e-03
1.749223582029969627e-06
