9.883339509983218862e-01
9.883339509983218862e-01
9.987234512860412305e-01
9.999996781819999736e-01
9.999734060177972728e-01
9.999962022688546615e-01
9.999962022688546615e-01
9.999962022688546615e-01
9.995502785541051649e-01
9.987234512860412305e-01
9.995502785541051649e-01
9.999734060177972728e-01
9.357699014782725477e-01
9.357699014782725477e-01
9.883339509983218862e-01
9.937026761524455631e-01
9.999999998052340189e-01
9.995502785541051649e-01
9.999734060177972728e-01
9.999996781819999736e-01
9.995502785541051649e-01
9.987234512860412305e-01
9.690010280430694234e-01
7.946637387576738210e-01
