2.922532342627590443e-02
9.690010280430694234e-01
5.728904395829821361e-01
1.811645424830326256e-01
5.462666510701526257e-02
1.709014846876853386e-02
4.543821879051604916e-03
8.353146175741297044e-03
2.922532342627590443e-02
1.960232095219541920e-02
1.709014846876853386e-02
6.917625399020765897e-02
4.839715079181246271e-02
3.776014017220748892e-02
1.641144775642913722e-01
8.689937254547132339e-02
8.689937254547132339e-02
1.338527355178680267e-01
2.193964992967708250e-01
9.710349657052788630e-02
2.406820248660021533e-01
3.411247511266124466e-01
5.005673707894058300e-01
4.186041972095860017e-04
