7.946637387576738210e-01
9.357699014782725477e-01
4.326088695815314411e-01
3.411247511266124466e-01
7.761108123267829173e-02
4.006338815832625189e-01
5.005673707894058300e-01
3.701201760617299774e-01
1.338527355178680267e-01
8.282194040312439443e-01
9.357699014782725477e-01
9.357699014782725477e-01
7.946637387576738210e-01
4.006338815832625189e-01
7.593695685682870788e-01
4.326088695815314411e-01
8.595454206943324849e-01
7.593695685682870788e-01
9.357699014782725477e-01
9.542189106778983243e-01
9.937026761524455631e-01
9.690010280430694234e-01
4.006338815832625189e-01
6.153429181321558999e-02
